1000
7	81	51	83	10	91	48	2	47	19
16	24	34	97	21	69	44	70	10	91
46	55	26	93	42	36	77	42	1	59
47	29	20	18	58	89	94	2	47	76
81	44	84	27	17	66	93	61	8	47
84	47	59	65	70	26	21	74	96	30
10	54	13	73	89	34	32	1	41	57
96	41	71	71	32	11	75	85	47	5
96	51	97	88	95	39	66	88	34	11
75	28	71	22	80	26	46	40	10	67
63	83	23	12	94	11	7	74	89	37
42	71	63	100	3	18	68	67	7	49
67	61	38	54	18	37	92	51	1	51
17	55	98	84	43	35	67	72	28	84
94	81	59	65	61	12	73	10	1	12
72	52	98	80	55	54	14	21	5	10
98	55	76	41	37	65	52	18	49	76
15	68	1	43	45	30	44	4	82	63
9	53	2	32	36	27	72	94	48	51
68	90	42	76	77	4	53	98	92	58
55	61	25	88	3	23	1	91	38	3
42	54	84	87	12	40	61	76	83	3
36	59	5	97	96	49	88	99	60	24
34	3	77	63	77	97	76	79	31	27
2	38	29	33	66	20	78	7	53	21
29	48	35	32	3	29	83	68	38	86
87	12	63	94	41	74	56	8	58	35
64	12	21	71	91	72	59	35	82	77
78	47	66	61	27	64	49	3	55	17
77	41	16	35	2	35	84	77	33	64
41	7	29	4	9	82	79	100	84	97
60	83	70	55	67	23	67	50	20	64
53	15	98	29	22	23	24	94	33	98
35	66	49	72	35	85	6	70	40	43
85	68	96	22	35	82	67	92	54	57
50	8	31	56	62	34	49	2	88	21
96	47	79	66	79	83	20	28	54	27
97	96	89	50	69	76	33	84	90	37
90	51	19	41	60	40	73	22	8	3
62	89	54	89	96	36	54	44	87	15
23	86	8	8	10	61	67	56	31	14
20	55	49	77	2	76	49	93	44	53
38	39	98	78	46	53	89	60	68	76
18	1	81	88	16	58	6	36	51	48
15	54	16	61	59	99	43	85	64	59
76	16	27	35	44	38	17	98	8	89
49	32	69	78	58	15	2	2	14	4
74	62	80	58	11	23	96	37	10	12
93	48	68	21	76	25	96	30	50	88
38	97	32	2	10	18	86	66	80	13
24	28	93	8	67	66	96	79	100	13
60	51	86	28	83	3	85	16	44	64
80	91	20	82	61	25	32	22	63	80
26	59	45	31	13	82	70	71	75	42
32	25	13	82	22	65	38	84	16	24
78	60	35	8	6	20	19	26	19	40
67	70	67	75	99	89	6	31	88	53
55	37	9	59	29	79	52	69	4	24
70	90	78	98	68	38	12	19	59	39
22	32	4	40	98	38	86	18	20	91
43	50	39	40	33	49	50	78	2	81
73	69	45	89	24	23	68	88	43	24
30	35	85	97	14	8	61	65	40	48
8	15	20	16	94	88	65	86	45	72
4	32	57	98	42	43	63	52	27	63
10	49	86	45	19	100	80	70	48	62
26	11	20	69	93	71	20	60	82	77
56	18	40	64	48	23	10	57	24	38
20	27	38	92	100	44	63	19	40	53
12	84	63	91	7	69	2	78	52	35
31	81	74	7	97	70	64	71	53	79
21	28	96	74	48	13	17	76	18	69
8	13	47	38	95	20	29	4	15	87
72	43	42	75	13	72	11	5	62	83
22	45	82	17	78	43	72	85	41	88
65	44	49	84	5	44	88	18	20	80
94	17	37	86	92	21	44	88	45	26
45	74	14	50	96	45	59	90	63	97
84	52	40	97	30	17	49	93	64	75
55	80	26	51	56	19	68	63	74	88
58	55	11	16	95	82	18	91	21	8
63	95	88	34	67	83	49	10	78	62
92	32	49	6	61	24	18	72	83	66
85	95	43	29	96	71	24	62	42	28
30	78	37	92	19	18	19	55	95	38
92	59	54	58	10	99	7	76	55	62
47	81	46	13	48	46	61	2	94	40
20	8	66	70	91	97	66	10	99	63
15	28	4	78	40	16	80	11	47	33
57	53	29	87	5	50	19	3	7	35
91	84	48	10	89	89	98	44	87	57
59	19	100	34	35	16	60	10	80	18
19	57	87	98	14	26	77	74	7	17
79	90	30	40	91	68	51	62	68	45
93	57	58	77	30	44	72	81	45	87
10	54	28	44	21	52	20	15	44	54
1	96	50	21	17	11	29	73	43	93
10	68	21	30	24	68	56	46	89	80
63	65	13	87	22	91	51	50	99	5
47	46	65	16	92	76	68	62	39	78